Nodes:
1: (10.0,90.0)
2: (30.0,90.0)
3: (50.0,90.0)
4: (30.0,70.0)
5: (70.0,90.0)
6: (50.0,70.0)
7: (90.0,90.0)
8: (90.0,70.0)
9: (70.0,70.0)
10: (30.0,50.0)
11: (50.0,50.0)
12: (70.0,50.0)
13: (90.0,50.0)
14: (30.0,30.0)
15: (50.0,30.0)
16: (70.0,30.0)
17: (90.0,30.0)
18: (70.0,10.0)

Edges:
(1,2): 1
(2,3): 1
(2,4): 2
(3,5): 1
(3,6): 1
(4,6): 1
(4,10): 1
(5,7): 1
(5,9): 1
(6,9): 2
(6,11): 1
(7,8): 1
(8,13): 1
(9,8): 1
(9,12): 2
(10,11): 1
(10,14): 1
(11,12): 1
(11,15): 1
(12,13): 1
(12,16): 1
(13,17): 1
(14,15): 1
(15,16): 2
(16,17): 1
(16,18): 2
(17,18): 2

Origin:
1

Destinations:
18
